0
0
0
8
16
14
28
35
51
94
71
64
56
61
73
65
51
53
65
61
79
65
71
78
67
67
78
82
87
71
95
201
292
275
294
317
371
359
403
374
355
358
328
348
363
215
235
122
136
162
142
77
100
101
40
149
140
158
339
347
377
433
388
469
465
423
406
434
372
76
35
97
25
103
105
111
116
135
407
351
177
383
406
464
462
448
55
0
18
0
3
358
357
340
344
360
411
293
366
379
101
118
374
346
292
364
224
335
360
437
462
300
299
289
384
394
389
402
324
414
250
271
308
312
308
317
324
310
327
285
250
205
178
187
205
189
0
16
54
56
71
70
76
68
82
91
87
102
109
97
95
729
547
348
268
257
253
319
303
277
244
227
239
287
337
357
356
326
18
401
365
372
365
357
404
407
386
354
319
282
266
273
311
348
377
392
365
324
281
111
280
266
286
326
374
381
406
368
425
376
357
332
313
293
270
256
22
248
429
647
627
468
484
571
489
370
396
323
348
213
338
361
394
355
329
268
160
255
320
376
413
385
356
